0 
0 Name: Nuevo Modelo.ldr
0 Author: 
1 15 4 -33.7343 -59.7312 -1 0 0 0 0.997564 0.069756 0 0.069756 -0.997564 30029.dat
1 22 4.167 -47.2953 19.5158 -1 0 0 0 0.997564 0.069756 0 0.069756 -0.997564 u8200.dat
1 5 -35.833 -41.7148 -60.2892 0 0 1 0.069756 0.997564 0 -0.997564 0.069756 0 u8200.dat
1 5 44.1669 -41.7148 -60.2892 0 0 1 0.069756 0.997564 0 -0.997564 0.069756 0 u8200.dat
1 5 4.167 -45.2026 -10.411 -1 0 0 0 0.997564 0.069756 0 0.069756 -0.997564 3710.dat
1 5 4.167 -38.227 -110.1674 -1 0 0 0 0.997564 0.069756 0 0.069756 -0.997564 3710.dat
1 15 4.167 -36.1343 -140.0944 -1 0 0 0 0.997564 0.069756 0 0.069756 -0.997564 94148.dat
1 15 54.1668 -34.8444 -39.76 0 0 -1 -0.069756 0.997564 0 0.997564 0.069756 0 32028.dat
1 15 54.1668 -32.0542 -79.6625 0 0 -1 -0.069756 0.997564 0 0.997564 0.069756 0 32028.dat
1 15 -45.833 -32.0542 -79.6625 0 0 1 0.069756 0.997564 0 -0.997564 0.069756 0 32028.dat
1 15 -45.833 -34.8444 -39.76 0 0 1 0.069756 0.997564 0 -0.997564 0.069756 0 32028.dat
1 5 44.1669 -25.7538 -59.1731 0 0 1 0.069756 0.997564 0 -0.997564 0.069756 0 u8200.dat
1 5 -36 -25.7538 -59.1731 0 0 1 0.069756 0.997564 0 -0.997564 0.069756 0 u8200.dat
1 4 4.167 -31.3343 20.6319 -1 0 0 0 0.997564 0.069756 0 0.069756 -0.997564 94148.dat
1 15 3 -35.8493 -140.0744 -1 0 0 0 0.997564 0.069756 0 0.069756 -0.997564 18892.dat
1 15 3 -39.0298 20.0938 -1 0 0 0 0.997564 0.069756 0 0.069756 -0.997564 18892.dat
1 89 4.167 -52.6544 9.1167 0 0 1 0.069756 0.997564 0 -0.997564 0.069756 0 3021.dat
1 1 4.167 -44.8124 -130.6768 0 0 -1 -0.069756 0.997564 0 0.997564 0.069756 0 4211396.dat
0 !LEOCAD PIECE PIVOT  0 0 0 1 0 0 0 1 0 0 0 1
1 0 4.167 -62.03 28.51 -1 0 0 0 0.997564 0.069756 0 0.069756 -0.997564 93274.dat
1 297 4.167 -70.0105 27.9519 -1 0 0 0 0.997564 0.069756 0 0.069756 -0.997564 48336.dat
1 15 -35.833 -69.3129 17.9761 0 0 1 0.069756 0.997564 0 -0.997564 0.069756 0 98282.dat
1 15 44.1669 -71.2369 17.8416 0 0 -1 -0.069756 0.997564 0 0.997564 0.069756 0 98282.dat
1 22 -25.833 -67.5203 -21.9961 0 0 1 0.069756 0.997564 0 -0.997564 0.069756 0 3004.dat
1 22 34.167 -68.1616 -22.041 0 0 1 0.069756 0.997564 0 -0.997564 0.069756 0 3004.dat
1 22 -25.833 -63.3349 -81.8499 0 0 -1 -0.069756 0.997564 0 0.997564 0.069756 0 30413.dat
1 22 34.167 -63.3349 -81.8499 0 0 1 0.069756 0.997564 0 -0.997564 0.069756 0 15207.dat
1 15 4.167 -46.2075 -110.7255 -1 0 0 0 0.997564 0.069756 0 0.069756 -0.997564 85984.dat
1 4 4.167 -52.7929 -131.2348 1 0 0 0 0.997564 -0.069756 0 0.069756 0.997564 3023.dat
1 0 3.5003 -51.4922 -150.8586 1 0 0 0 0.997564 -0.069756 0 0.069756 0.997564 93274.dat
1 5 3.5003 -59.1727 -141.3712 1 0 0 0 0.997564 -0.069756 0 0.069756 0.997564 3022.dat
1 5 4.167 -76.8494 -3.2679 -1 0 0 0 0.997564 0.069756 0 0.069756 -0.997564 3031.dat
1 22 3.5003 -43.5669 51.1864 1 0 0 0 0.069756 0.997564 0 -0.997564 0.069756 3020.dat
1 22 3.5003 -28.0112 -171.2704 -1 0 0 0 -0.069756 0.997564 0 0.997564 0.069756 3020.dat
1 15 53.5003 -61.2859 17.8692 1 0 0 0 0.997564 -0.069756 0 0.069756 0.997564 93273.dat
1 15 -46.4997 -61.2859 17.8692 1 0 0 0 0.997564 -0.069756 0 0.069756 0.997564 93273.dat
1 5 -45.4997 -72.7338 -62.1242 0 0 1 0.069756 0.997564 0 -0.997564 0.069756 0 6191.dat
1 5 54.5003 -73.7313 -62.1939 0 0 -1 -0.069756 0.997564 0 0.997564 0.069756 0 6191.dat
1 5 4.5003 -100.4909 5.1033 -1 0 0 0 0.997564 0.069756 0 0.069756 -0.997564 3037.dat
0 !LEOCAD PIECE PIVOT  0 0 0 1 0 0 0 1 0 0 0 1
1 22 3.5003 -99.0958 -14.8479 -1 0 0 0 0.997564 0.069756 0 0.069756 -0.997564 3004.dat
1 54 33.5003 -99.3958 -24.8933 0 0 1 0.069756 0.997564 0 -0.997564 0.069756 0 3004.dat
1 54 -26.4997 -99.3958 -24.8933 0 0 1 0.069756 0.997564 0 -0.997564 0.069756 0 3004.dat
1 15 -35.833 -59.1495 -141.7038 0 0 1 0.069756 0.997564 0 -0.997564 0.069756 0 98282.dat
1 15 44.1669 -59.1495 -141.7038 0 0 -1 -0.069756 0.997564 0 0.997564 0.069756 0 98282.dat
1 15 -26.4997 -59.8635 -174.5001 1 0 0 0 0.997564 -0.069756 0 0.069756 0.997564 3024.dat
1 15 -26.4997 -60.561 -164.5245 1 0 0 0 0.997564 -0.069756 0 0.069756 0.997564 61409.dat
1 15 3.5003 -21.5512 -91.6257 1 0 0 0 0.997564 -0.069756 0 0.069756 0.997564 9551.dat
1 15 33.5003 -60.561 -164.5245 1 0 0 0 0.997564 -0.069756 0 0.069756 0.997564 61409.dat
1 15 33.5003 -59.8635 -174.5001 1 0 0 0 0.997564 -0.069756 0 0.069756 0.997564 3024.dat
1 5 53.5003 -50.1249 -141.741 1 0 0 0 0.997564 -0.069756 0 0.069756 0.997564 93273.dat
1 5 -46.4997 -50.4737 -136.7532 1 0 0 0 0.997564 -0.069756 0 0.069756 0.997564 93273.dat
1 5 4.5003 -113.5222 -37.9105 1 0 0 0 0.997564 -0.069756 0 0.069756 0.997564 45677.dat
1 54 4.167 -94.0906 -114.0738 1 0 0 0 0.997564 -0.069756 0 0.069756 0.997564 57783.dat
1 5 24.5003 -114.9173 -17.9593 -1 0 0 0 0.997564 0.069756 0 0.069756 -0.997564 47456.dat
1 5 -15.4997 -114.9173 -17.9592 -1 0 0 0 0.997564 0.069756 0 0.069756 -0.997564 47456.dat
1 5 1.5003 -33.0444 -178.1382 1 0 0 0 -0.069756 -0.997564 0 0.997564 -0.069756 3795.dat
1 15 1.5003 -22.5107 -185.4211 1 0 0 0 -0.069756 -0.997564 0 0.997564 -0.069756 3710.dat
1 7 1.5003 -42.4619 -186.8163 1 0 0 0 -0.069756 -0.997564 0 0.997564 -0.069756 2412b.dat
1 151 1.5003 -51.8795 -195.4943 -1 0 0 0 -0.069756 0.997564 0 0.997564 0.069756 4590.dat
1 5 -48.4997 -23.0687 -177.4406 0 0 1 0.997564 -0.069756 0 0.069756 0.997564 0 54200.dat
1 54 -48.4997 -43.02 -178.8357 0 0 1 0.997564 -0.069756 0 0.069756 0.997564 0 54200.dat
1 5 51.5002 -23.0687 -177.4406 0 0 -1 -0.997564 -0.069756 0 -0.069756 0.997564 0 54200.dat
1 54 51.5002 -43.02 -178.8357 0 0 -1 -0.997564 -0.069756 0 -0.069756 0.997564 0 54200.dat
1 293 -28.4997 -21.9526 -193.4016 0 0 1 0.997564 -0.069756 0 0.069756 0.997564 0 98138.dat
1 293 -8.4997 -21.9526 -193.4017 0 0 1 0.997564 -0.069756 0 0.069756 0.997564 0 98138.dat
1 293 11.5003 -21.9526 -193.4016 0 0 1 0.997564 -0.069756 0 0.069756 0.997564 0 98138.dat
1 293 31.5003 -21.9526 -193.4016 0 0 1 0.997564 -0.069756 0 0.069756 0.997564 0 98138.dat
1 183 -28.4997 -41.3458 -202.7774 0 0 1 0.997564 -0.069756 0 0.069756 0.997564 0 98138.dat
1 183 31.5003 -41.3458 -202.7774 0 0 1 0.997564 -0.069756 0 0.069756 0.997564 0 98138.dat
1 183 11.5003 -51.3215 -203.4749 0 0 1 0.997564 -0.069756 0 0.069756 0.997564 0 98138.dat
1 183 -8.4997 -51.3215 -203.4749 0 0 1 0.997564 -0.069756 0 0.069756 0.997564 0 98138.dat
1 5 3 -41.1985 59.2999 -1 0 0 0 0.069756 -0.997564 0 -0.997564 -0.069756 3795.dat
1 15 -47 -41.6624 58.7662 -1 0 0 0 0.069756 -0.997564 0 -0.997564 -0.069756 61409.dat
1 15 53.5003 -41.6624 58.7662 -1 0 0 0 0.069756 -0.997564 0 -0.997564 -0.069756 61409.dat
1 54 -26.4997 -51.7322 66.5828 -1 0 0 0 0.069756 -0.997564 0 -0.997564 -0.069756 98138.dat
1 54 33.5003 -51.7322 66.5828 -1 0 0 0 0.069756 -0.997564 0 -0.997564 -0.069756 98138.dat
1 383 3.5003 -138 -30 1 0 0 0 0.997564 -0.069756 0 0.069756 0.997564 30367aps1.dat
1 151 33.5003 -32.7784 67.9082 -1 0 0 0 0.069756 -0.997564 0 -0.997564 -0.069756 18654.dat
1 151 -26.4997 -32.7784 67.9082 -1 0 0 0 0.069756 -0.997564 0 -0.997564 -0.069756 18654.dat
1 297 33.5003 -34.0376 86.9381 1 0 0 0 0.997564 -0.069756 0 0.069756 0.997564 40620.dat
1 297 -26.4997 -34.0376 86.9381 1 0 0 0 0.997564 -0.069756 0 0.069756 0.997564 40620.dat
1 5 4.9554 -133.0244 77.5962 -1 0 0 0 0.438371 0.898794 0 0.898794 -0.438371 3795.dat
1 5 54.3838 -141.3237 83.3923 1 0 0 0 0.438371 -0.898794 0 0.898794 0.438371 54200.dat
1 5 -45.6162 -141.3238 83.3924 1 0 0 0 0.438371 -0.898794 0 0.898794 0.438371 54200.dat
1 15 -25.5446 -134.1425 77.5853 1 0 0 0 0.438371 -0.898794 0 0.898794 0.438371 61409.dat
1 15 34.4554 -134.1425 77.5853 1 0 0 0 0.438371 -0.898794 0 0.898794 0.438371 61409.dat
1 297 4.2171 -127.6732 67.2775 1 0 0 0 0.438371 -0.898794 0 0.898794 0.438371 48336.dat
1 5 4.2171 -132.2553 78.4133 -1 0 0 0 0.438371 0.898794 0 0.898794 -0.438371 15068.dat
1 15 13.8839 -108.4664 61.8133 1 0 0 0 0.999848 0.017453 0 -0.017453 0.999848 30377.dat
1 15 -6.1161 -108.4664 61.8133 1 0 0 0 0.999848 0.017453 0 -0.017453 0.999848 30377.dat
1 15 -50.4997 -30.2434 -139.3483 0 0 1 0.069756 0.997564 0 -0.997564 0.069756 0 11208.dat
1 297 -50.4997 -30.2434 -139.3483 0 0 1 0.069756 0.997564 0 -0.997564 0.069756 0 11209.dat
1 15 60.5003 -30.2434 -139.3484 0 0 -1 0.438371 0.898794 0 0.898794 -0.438371 0 11208.dat
1 297 60.5003 -30.2434 -139.3484 0 0 -1 0.438371 0.898794 0 0.898794 -0.438371 0 11209.dat
1 15 -48.4997 -33.3541 19.8224 0 0 1 0.069756 0.997564 0 -0.997564 0.069756 0 18976.dat
1 297 -54.4997 -33.4239 20.8199 0 0 1 0.069756 0.997564 0 -0.997564 0.069756 0 18977.dat
1 15 56.5002 -33.3541 19.8223 0 0 -1 0.069756 -0.997564 0 -0.997564 -0.069756 0 18976.dat
1 297 62.5002 -33.4239 20.8199 0 0 -1 0.069756 -0.997564 0 -0.997564 -0.069756 0 18977.dat
1 5 3.5003 -58.0078 -172.3654 1 0 0 0 0.997564 -0.069756 0 0.069756 0.997564 3023.dat
1 297 3.5003 -90.4879 -166 1 0 0 0 0.997564 -0.069756 0 0.069756 0.997564 50943.dat
1 189 4 -40 80 1 0 0 0 0 1 0 -1 0 4729.dat
1 297 3.5003 -145.9805 -30.558 1 0 0 0 0.997564 -0.069756 0 0.069756 0.997564 30141.dat
1 15 4 -40 112 1 0 0 0 0 -1 0 1 0 2536b.dat
1 297 4 -40 144 1 0 0 0 0 1 0 -1 0 6553.dat
1 15 4 -40 144 1 0 0 0 1 0 0 0 1 3705.dat
1 15 -16 -40 144 0.000001 0 -1 0 1 0 1 0 0.000001 56903.dat
1 297 -16 -40 144 0.000001 0 -1 0 1 0 1 0 0.000001 61254.dat
1 15 24 -40 144 -0.000001 0 1 0 1 0 -1 0 -0.000001 56903.dat
1 297 24 -40 144 -0.000001 0 1 0 1 0 -1 0 -0.000001 61254.dat
1 297 39 -40 144 0 0 1 0 1 0 -1 0 0 32123b.dat
1 297 -31 -40 144 0 0 1 0 1 0 -1 0 0 32123b.dat
1 15 5 -30 -63 1 0 0 0 0.984808 -0.173648 0 0.173648 0.984808 4079.dat
